1000
829
-889
771
253
-798
58
-94
464
558
-448
449
-472
425
-111
300
-584
-6
-379
-541
-67
201
691
978
-347
-101
569
-599
436
-688
346
836
-735
884
187
317
-165
-987
-527
-163
-798
897
-416
929
555
-406
401
-538
563
-139
-64
-976
416
578
205
-839
55
542
57
-184
-869
-697
-446
-744
747
571
-498
574
965
833
107
27
389
832
687
-800
253
178
470
344
-526
233
910
-995
-995
-802
-132
-604
948
655
-353
349
153
-199
-484
209
-332
870
359
-470
-509
402
-805
-588
-674
40
-85
-604
-744
-747
391
-826
-743
-941
670
-558
-427
41
912
-442
-790
388
-792
465
361
-98
-256
-618
-697
-117
-13
-925
-357
334
432
-823
949
-868
395
-589
-622
254
284
299
241
431
862
-406
-894
-597
-317
42
211
971
-846
-548
-76
680
983
679
-500
339
-482
158
-296
-4
565
-469
126
-464
359
-12
783
-495
24
-600
-137
690
-223
528
-987
564
275
-936
-398
419
229
550
-180
430
487
507
618
181
406
397
-815
826
-812
-794
-894
975
972
-99
-555
143
186
522
-541
-893
952
95
-545
-255
-724
-144
286
830
199
-263
-56
-241
-84
-751
66
949
186
378
99
-965
917
-371
561
546
-224
-567
153
17
-163
-960
-963
-424
-409
-415
107
-717
-541
-71
293
-708
444
-335
-580
344
397
-838
-902
230
474
-517
973
-156
118
-336
867
-297
929
459
-207
-466
945
-255
-315
947
764
29
743
957
-55
185
508
-8
-106
-83
331
638
-336
133
866
38
-330
252
775
-421
833
741
-645
497
576
642
-729
725
-110
811
167
-521
-778
122
43
-363
189
511
219
516
362
421
109
-621
100
-635
-216
-260
-198
565
-578
-859
863
340
-608
431
-993
-345
885
-992
906
-809
528
347
181
-982
-850
-719
310
-782
623
-730
-84
852
396
-217
-447
-878
26
-945
365
-927
400
716
-496
791
-566
-962
684
-638
333
-58
-961
-715
829
-511
-899
713
-449
-832
-114
-487
-876
-740
-306
-72
913
118
167
-549
-593
-257
336
939
-587
-172
-84
-504
523
100
-292
163
-659
457
628
481
-921
-156
323
-339
-843
710
-996
-719
-395
162
658
-464
-726
784
-287
958
365
672
614
-495
138
237
197
-446
558
633
837
458
-918
-424
-511
-178
-227
-205
68
934
964
529
-353
298
-569
261
-110
-852
-630
54
422
-280
188
-191
801
690
-295
441
920
-741
112
-176
128
156
407
-983
-650
-969
-898
358
-616
-644
216
799
-985
-110
-986
-506
-821
-24
863
50
550
-559
-252
383
643
774
603
-391
378
-457
-901
984
544
315
-673
271
-858
752
-510
-186
-828
-55
900
467
854
469
966
922
425
90
168
-595
64
280
-104
-542
559
-676
-727
-556
35
155
-36
-239
190
-777
216
-27
-438
193
556
-783
443
194
581
-628
-970
332
-888
659
-166
-773
-71
-212
-359
-635
-292
798
954
-236
147
742
-911
639
-747
-667
-700
323
688
56
-53
-518
-281
-274
50
-131
-147
66
-533
863
-829
503
875
309
-499
-87
131
-137
-606
-297
777
727
543
402
-152
356
918
-659
333
182
-418
491
-486
579
-356
419
115
211
-278
-643
-996
954
730
724
94
-126
-346
-264
-937
-201
719
163
870
-771
237
671
267
-632
96
-836
-618
189
814
-33
437
-922
-554
53
-286
958
128
-293
-972
-337
-145
-311
273
-961
827
503
-380
-484
98
382
-473
-829
477
850
980
-152
-308
-862
-455
873
149
23
-620
929
12
692
-172
-741
-320
773
-364
-960
-576
-368
756
701
160
-442
-187
-309
869
79
482
-521
873
461
882
-908
707
-970
-918
178
-733
-435
-382
1000
-79
-933
-937
205
-6
491
-851
-302
308
395
-81
333
-644
-353
737
-742
526
-905
299
810
-176
-314
289
247
-295
-590
-858
442
161
33
387
-580
-559
900
361
-825
644
-548
57
-37
251
673
546
-914
76
-236
167
-740
486
833
-4
658
348
-962
-342
-440
522
-62
-601
23
207
-147
-417
-120
792
864
875
-645
61
969
61
-870
-718
-542
739
-470
508
-75
-715
-163
-231
90
192
529
-344
-197
-101
654
974
-863
-101
-443
-320
-630
-130
-213
973
206
-237
427
339
-705
-532
527
-788
128
255
-110
-772
533
595
-252
-755
835
647
-554
326
-126
-617
226
-120
17
-275
382
-697
-59
985
95
-644
-805
-121
-326
-346
240
917
476
801
-273
-338
280
-230
744
756
-767
523
-779
-605
165
330
834
-786
597
-994
-729
341
246
-425
225
687
-125
-10
989
713
640
-704
970
429
506
801
917
-439
130
-520
-12
201
-986
-406
-120
-176
-436
-491
-164
-792
564
-23
-762
474
330
119
-182
545
-295
-146
-169
454
977
537
298
-559
844
520
-277
504
-204
-866
520
-688
-287
356
642
-511
234
-25
539
-551
195
-323
-494
-708
448
-957
271
-414
278
-531
-502
309
-468
-543
-758
168
-239
789
451
-865
-832
827
-43
-542
-333
-705
-897
-189
129
6
-888
-369
354
-67
547
-988
-497
-18
266
127
-111
-92
431
864
-843
-293
216
-485
-478
791
151
395
-493
629
282
347
532
-51
794
398
153
-852
-766
-406
586
-630
156
896
-289
-572
-715
-304
902
1000
-461
933
-122
710
70
364
-611
-327
-423
-646
939
763
-625
704
380
798
591
-252
-524
631
739
-238
-409
-726
